              precision    recall  f1-score   support

          기름     0.3750    0.9000    0.5294        10
          망고     0.4375    0.3889    0.4118        18
           물     0.4762    0.9091    0.6250        11
          바닥     0.9579    0.6842    0.7982       133
          수박     0.5652    1.0000    0.7222        13
          우유     0.6842    0.8667    0.7647        15
          커피     0.7273    0.6154    0.6667        13
          콜라     0.6818    0.8333    0.7500        18

    accuracy                         0.7186       231
   macro avg     0.6131    0.7747    0.6585       231
weighted avg     0.7948    0.7186    0.7306       231
