              precision    recall  f1-score   support

          기름     0.6818    0.8824    0.7692        17
          망고     0.7273    0.6667    0.6957        24
           물     0.8000    0.5333    0.6400        15
          바닥     0.9551    0.9341    0.9444        91
          우유     1.0000    0.9412    0.9697        17
          커피     0.8889    1.0000    0.9412        16
          콜라     0.5833    0.7778    0.6667         9

    accuracy                         0.8624       189
   macro avg     0.8052    0.8193    0.8038       189
weighted avg     0.8700    0.8624    0.8617       189
