              precision    recall  f1-score   support

          기름     0.7143    0.8333    0.7692        30
          망고     0.6500    0.7647    0.7027        17
           물     0.6000    0.7500    0.6667        16
          바닥     0.9800    0.9245    0.9515       106
          우유     0.9333    0.8750    0.9032        16
          커피     0.8571    0.9600    0.9057        25
          콜라     0.8000    0.5217    0.6316        23

    accuracy                         0.8498       233
   macro avg     0.7907    0.8042    0.7901       233
weighted avg     0.8615    0.8498    0.8505       233
