              precision    recall  f1-score   support

          기름     0.7759    0.9783    0.8654        46
          망고     0.9310    0.9310    0.9310        29
           물     0.7429    0.8125    0.7761        32
          바닥     0.9928    0.8896    0.9384       462
          우유     0.9697    1.0000    0.9846        32
          커피     0.7250    0.9831    0.8345        59
          콜라     0.6341    0.8667    0.7324        30

    accuracy                         0.9058       690
   macro avg     0.8245    0.9230    0.8661       690
weighted avg     0.9246    0.9058    0.9100       690
