              precision    recall  f1-score   support

          기름     0.8421    0.9231    0.8807        52
          망고     0.8113    0.8958    0.8515        48
           물     0.9365    0.8806    0.9077        67
          바닥     0.9921    0.9436    0.9672       266
          우유     0.9831    1.0000    0.9915        58
          커피     0.9661    0.9828    0.9744        58
          콜라     0.8387    1.0000    0.9123        26

    accuracy                         0.9426       575
   macro avg     0.9100    0.9466    0.9265       575
weighted avg     0.9465    0.9426    0.9435       575
