              precision    recall  f1-score   support

          기름     0.9180    0.8750    0.8960        64
          망고     0.8596    0.9800    0.9159        50
           물     0.8571    0.9310    0.8926        58
          바닥     1.0000    0.9791    0.9894       335
          우유     1.0000    1.0000    1.0000        59
          커피     1.0000    1.0000    1.0000        59
          콜라     0.9231    0.8889    0.9057        54

    accuracy                         0.9617       679
   macro avg     0.9368    0.9506    0.9428       679
weighted avg     0.9636    0.9617    0.9621       679
